
 - N: 8 M: 2 L: 4 Dataset: 2 exponente: 1 minmax: False
	Solución:[[[0.3197386524877265, 0.4826058741516149, 0.5274997699683445, 0.0055676400944407, 0.0, 0.2884997937797012, 0.5960921649216397, 0.3565401575035986, 0.943265937909289], [0.221826101585767, 0.4180160384077279, 0.0105959516123799, 0.7185631943397217, 1.0, 0.1253592824074517, 0.2782501748689815, 0.3202253319103997, 0.928842557901714]], [[0.3738615919288782, 0.2701949262843045, 0.0077309172689005, 0.0877526352720493, 0.0, 0.3868471118090456, 0.1578329307525168, 0.4260253642829066, 0.6831522182287564], [0.4168528320432463, 0.6368123890007461, 0.707730713366816, 0.6237058693704773, 1.0, 0.2471791616289119, 0.3522425114153544, 0.3815365229490317, 0.728243486871323]], [[0.4594204003832678, 0.4620904345436035, 0.6513131603518526, 0.0308807151489427, 0.0, 0.5204748066148162, 0.060849073463636, 0.3975769988634619, 0.7559478578046677], [0.3302185355650322, 0.5392934301753429, 0.0832693144741449, 0.0029125060250751, 1.0, 0.172049815532207, 0.2827029927861827, 0.5062779594474494, 0.3106596344202926]], [[0.3126332065606429, 0.6764027189326507, 0.2643287273330163, 0.9378327282779428, 1.0, 0.3641380527990527, 0.1921991531989794, 0.3183821794677215, 0.6504554624179175], [0.4480087129264999, 0.5230774671933243, 0.583336482594707, 0.4220841206788641, 0.5, 0.2182923414315217, 0.0848899852789283, 0.4602074153149389, 0.6404942427828524]]]
	Valor Objetivo:5.1431131780343335
	Tiempo: 0.00622868537902832
	Política: 1.2208192895400947 ; Género: 2.6799999999999997 ; Colaborativo: 1.2422938884942387

 - N: 4 M: 2 L: 2 Dataset: 2 exponente: 1 minmax: False
	Solución:[[[0.3197386524877265, 0.4826058741516149, 0.5274997699683445, 0.0055676400944407, 0.0, 0.2884997937797012, 0.5960921649216397, 0.3565401575035986, 0.943265937909289], [0.4594204003832678, 0.4620904345436035, 0.6513131603518526, 0.0308807151489427, 0.0, 0.5204748066148162, 0.060849073463636, 0.3975769988634619, 0.7559478578046677]], [[0.3738615919288782, 0.2701949262843045, 0.0077309172689005, 0.0877526352720493, 0.0, 0.3868471118090456, 0.1578329307525168, 0.4260253642829066, 0.6831522182287564], [0.3126332065606429, 0.6764027189326507, 0.2643287273330163, 0.9378327282779428, 1.0, 0.3641380527990527, 0.1921991531989794, 0.3183821794677215, 0.6504554624179175]]]
	Valor Objetivo:3.5917220663840905
	Tiempo: 0.0025141239166259766
	Política: 0.9952279424640494 ; Género: 2.0 ; Colaborativo: 0.5964941239200413

 - N: 4 M: 2 L: 2 Dataset: 2 exponente: 2 minmax: False
	Solución:[[[0.3197386524877265, 0.4826058741516149, 0.5274997699683445, 0.0055676400944407, 0.0, 0.2884997937797012, 0.5960921649216397, 0.3565401575035986, 0.943265937909289], [0.4594204003832678, 0.4620904345436035, 0.6513131603518526, 0.0308807151489427, 0.0, 0.5204748066148162, 0.060849073463636, 0.3975769988634619, 0.7559478578046677]], [[0.3738615919288782, 0.2701949262843045, 0.0077309172689005, 0.0877526352720493, 0.0, 0.3868471118090456, 0.1578329307525168, 0.4260253642829066, 0.6831522182287564], [0.3126332065606429, 0.6764027189326507, 0.2643287273330163, 0.9378327282779428, 1.0, 0.3641380527990527, 0.1921991531989794, 0.3183821794677215, 0.6504554624179175]]]
	Valor Objetivo:3.5917220663840905
	Tiempo: 0.002413511276245117
	Política: 0.9952279424640494 ; Género: 2.0 ; Colaborativo: 0.5964941239200413

 - N: 4 M: 2 L: 2 Dataset: 2 exponente: 3 minmax: False
	Solución:[[[0.3197386524877265, 0.4826058741516149, 0.5274997699683445, 0.0055676400944407, 0.0, 0.2884997937797012, 0.5960921649216397, 0.3565401575035986, 0.943265937909289], [0.4594204003832678, 0.4620904345436035, 0.6513131603518526, 0.0308807151489427, 0.0, 0.5204748066148162, 0.060849073463636, 0.3975769988634619, 0.7559478578046677]], [[0.3738615919288782, 0.2701949262843045, 0.0077309172689005, 0.0877526352720493, 0.0, 0.3868471118090456, 0.1578329307525168, 0.4260253642829066, 0.6831522182287564], [0.3126332065606429, 0.6764027189326507, 0.2643287273330163, 0.9378327282779428, 1.0, 0.3641380527990527, 0.1921991531989794, 0.3183821794677215, 0.6504554624179175]]]
	Valor Objetivo:3.5917220663840905
	Tiempo: 0.0025985240936279297
	Política: 0.9952279424640494 ; Género: 2.0 ; Colaborativo: 0.5964941239200413

 - N: 4 M: 2 L: 2 Dataset: 2 exponente: 4 minmax: False
	Solución:[[[0.3197386524877265, 0.4826058741516149, 0.5274997699683445, 0.0055676400944407, 0.0, 0.2884997937797012, 0.5960921649216397, 0.3565401575035986, 0.943265937909289], [0.4594204003832678, 0.4620904345436035, 0.6513131603518526, 0.0308807151489427, 0.0, 0.5204748066148162, 0.060849073463636, 0.3975769988634619, 0.7559478578046677]], [[0.3738615919288782, 0.2701949262843045, 0.0077309172689005, 0.0877526352720493, 0.0, 0.3868471118090456, 0.1578329307525168, 0.4260253642829066, 0.6831522182287564], [0.3126332065606429, 0.6764027189326507, 0.2643287273330163, 0.9378327282779428, 1.0, 0.3641380527990527, 0.1921991531989794, 0.3183821794677215, 0.6504554624179175]]]
	Valor Objetivo:3.5917220663840905
	Tiempo: 0.0025992393493652344
	Política: 0.9952279424640494 ; Género: 2.0 ; Colaborativo: 0.5964941239200413

 - N: 8 M: 2 L: 4 Dataset: 2 exponente: 2 minmax: False
	Solución:[[[0.3197386524877265, 0.4826058741516149, 0.5274997699683445, 0.0055676400944407, 0.0, 0.2884997937797012, 0.5960921649216397, 0.3565401575035986, 0.943265937909289], [0.221826101585767, 0.4180160384077279, 0.0105959516123799, 0.7185631943397217, 1.0, 0.1253592824074517, 0.2782501748689815, 0.3202253319103997, 0.928842557901714]], [[0.3738615919288782, 0.2701949262843045, 0.0077309172689005, 0.0877526352720493, 0.0, 0.3868471118090456, 0.1578329307525168, 0.4260253642829066, 0.6831522182287564], [0.4168528320432463, 0.6368123890007461, 0.707730713366816, 0.6237058693704773, 1.0, 0.2471791616289119, 0.3522425114153544, 0.3815365229490317, 0.728243486871323]], [[0.4594204003832678, 0.4620904345436035, 0.6513131603518526, 0.0308807151489427, 0.0, 0.5204748066148162, 0.060849073463636, 0.3975769988634619, 0.7559478578046677], [0.3302185355650322, 0.5392934301753429, 0.0832693144741449, 0.0029125060250751, 1.0, 0.172049815532207, 0.2827029927861827, 0.5062779594474494, 0.3106596344202926]], [[0.3126332065606429, 0.6764027189326507, 0.2643287273330163, 0.9378327282779428, 1.0, 0.3641380527990527, 0.1921991531989794, 0.3183821794677215, 0.6504554624179175], [0.4480087129264999, 0.5230774671933243, 0.583336482594707, 0.4220841206788641, 0.5, 0.2182923414315217, 0.0848899852789283, 0.4602074153149389, 0.6404942427828524]]]
	Valor Objetivo:5.1431131780343335
	Tiempo: 0.006497383117675781
	Política: 1.2208192895400947 ; Género: 2.6799999999999997 ; Colaborativo: 1.2422938884942387

 - N: 8 M: 2 L: 4 Dataset: 2 exponente: 3 minmax: False
	Solución:[[[0.3197386524877265, 0.4826058741516149, 0.5274997699683445, 0.0055676400944407, 0.0, 0.2884997937797012, 0.5960921649216397, 0.3565401575035986, 0.943265937909289], [0.221826101585767, 0.4180160384077279, 0.0105959516123799, 0.7185631943397217, 1.0, 0.1253592824074517, 0.2782501748689815, 0.3202253319103997, 0.928842557901714]], [[0.3738615919288782, 0.2701949262843045, 0.0077309172689005, 0.0877526352720493, 0.0, 0.3868471118090456, 0.1578329307525168, 0.4260253642829066, 0.6831522182287564], [0.4168528320432463, 0.6368123890007461, 0.707730713366816, 0.6237058693704773, 1.0, 0.2471791616289119, 0.3522425114153544, 0.3815365229490317, 0.728243486871323]], [[0.4594204003832678, 0.4620904345436035, 0.6513131603518526, 0.0308807151489427, 0.0, 0.5204748066148162, 0.060849073463636, 0.3975769988634619, 0.7559478578046677], [0.3302185355650322, 0.5392934301753429, 0.0832693144741449, 0.0029125060250751, 1.0, 0.172049815532207, 0.2827029927861827, 0.5062779594474494, 0.3106596344202926]], [[0.3126332065606429, 0.6764027189326507, 0.2643287273330163, 0.9378327282779428, 1.0, 0.3641380527990527, 0.1921991531989794, 0.3183821794677215, 0.6504554624179175], [0.4480087129264999, 0.5230774671933243, 0.583336482594707, 0.4220841206788641, 0.5, 0.2182923414315217, 0.0848899852789283, 0.4602074153149389, 0.6404942427828524]]]
	Valor Objetivo:5.1431131780343335
	Tiempo: 0.006467103958129883
	Política: 1.2208192895400947 ; Género: 2.6799999999999997 ; Colaborativo: 1.2422938884942387

 - N: 8 M: 2 L: 4 Dataset: 2 exponente: 4 minmax: False
	Solución:[[[0.3197386524877265, 0.4826058741516149, 0.5274997699683445, 0.0055676400944407, 0.0, 0.2884997937797012, 0.5960921649216397, 0.3565401575035986, 0.943265937909289], [0.221826101585767, 0.4180160384077279, 0.0105959516123799, 0.7185631943397217, 1.0, 0.1253592824074517, 0.2782501748689815, 0.3202253319103997, 0.928842557901714]], [[0.3738615919288782, 0.2701949262843045, 0.0077309172689005, 0.0877526352720493, 0.0, 0.3868471118090456, 0.1578329307525168, 0.4260253642829066, 0.6831522182287564], [0.4168528320432463, 0.6368123890007461, 0.707730713366816, 0.6237058693704773, 1.0, 0.2471791616289119, 0.3522425114153544, 0.3815365229490317, 0.728243486871323]], [[0.4594204003832678, 0.4620904345436035, 0.6513131603518526, 0.0308807151489427, 0.0, 0.5204748066148162, 0.060849073463636, 0.3975769988634619, 0.7559478578046677], [0.3302185355650322, 0.5392934301753429, 0.0832693144741449, 0.0029125060250751, 1.0, 0.172049815532207, 0.2827029927861827, 0.5062779594474494, 0.3106596344202926]], [[0.3126332065606429, 0.6764027189326507, 0.2643287273330163, 0.9378327282779428, 1.0, 0.3641380527990527, 0.1921991531989794, 0.3183821794677215, 0.6504554624179175], [0.4480087129264999, 0.5230774671933243, 0.583336482594707, 0.4220841206788641, 0.5, 0.2182923414315217, 0.0848899852789283, 0.4602074153149389, 0.6404942427828524]]]
	Valor Objetivo:5.1431131780343335
	Tiempo: 0.006250143051147461
	Política: 1.2208192895400947 ; Género: 2.6799999999999997 ; Colaborativo: 1.2422938884942387

 - N: 10 M: 2 L: 5 Dataset: 2 exponente: 1 minmax: False
	Solución:[[[0.3197386524877265, 0.4826058741516149, 0.5274997699683445, 0.0055676400944407, 0.0, 0.2884997937797012, 0.5960921649216397, 0.3565401575035986, 0.943265937909289], [0.4168528320432463, 0.6368123890007461, 0.707730713366816, 0.6237058693704773, 1.0, 0.2471791616289119, 0.3522425114153544, 0.3815365229490317, 0.728243486871323]], [[0.3738615919288782, 0.2701949262843045, 0.0077309172689005, 0.0877526352720493, 0.0, 0.3868471118090456, 0.1578329307525168, 0.4260253642829066, 0.6831522182287564], [0.3302185355650322, 0.5392934301753429, 0.0832693144741449, 0.0029125060250751, 1.0, 0.172049815532207, 0.2827029927861827, 0.5062779594474494, 0.3106596344202926]], [[0.4594204003832678, 0.4620904345436035, 0.6513131603518526, 0.0308807151489427, 0.0, 0.5204748066148162, 0.060849073463636, 0.3975769988634619, 0.7559478578046677], [0.4480087129264999, 0.5230774671933243, 0.583336482594707, 0.4220841206788641, 0.5, 0.2182923414315217, 0.0848899852789283, 0.4602074153149389, 0.6404942427828524]], [[0.3126332065606429, 0.6764027189326507, 0.2643287273330163, 0.9378327282779428, 1.0, 0.3641380527990527, 0.1921991531989794, 0.3183821794677215, 0.6504554624179175], [0.3430133793540735, 0.7353228879636984, 0.5340785326790181, 0.7886830541906583, 1.0, 0.7120679791124718, 0.1512857847914999, 0.5043254657067507, 0.4018876111012104]], [[0.221826101585767, 0.4180160384077279, 0.0105959516123799, 0.7185631943397217, 1.0, 0.1253592824074517, 0.2782501748689815, 0.3202253319103997, 0.928842557901714], [0.3346632604265603, 0.5021254972959174, 0.8874497330031512, 0.993012424444634, 0.5, 0.5329971853272858, 0.49102802894222, 0.6236945816875551, 0.9626291435697304]]]
	Valor Objetivo:8.87137994473226
	Tiempo: 0.008925676345825195
	Política: 3.0599124084268876 ; Género: 4.01 ; Colaborativo: 1.8014675363053718

 - N: 10 M: 2 L: 5 Dataset: 2 exponente: 2 minmax: False
	Solución:[[[0.3197386524877265, 0.4826058741516149, 0.5274997699683445, 0.0055676400944407, 0.0, 0.2884997937797012, 0.5960921649216397, 0.3565401575035986, 0.943265937909289], [0.4168528320432463, 0.6368123890007461, 0.707730713366816, 0.6237058693704773, 1.0, 0.2471791616289119, 0.3522425114153544, 0.3815365229490317, 0.728243486871323]], [[0.3738615919288782, 0.2701949262843045, 0.0077309172689005, 0.0877526352720493, 0.0, 0.3868471118090456, 0.1578329307525168, 0.4260253642829066, 0.6831522182287564], [0.3302185355650322, 0.5392934301753429, 0.0832693144741449, 0.0029125060250751, 1.0, 0.172049815532207, 0.2827029927861827, 0.5062779594474494, 0.3106596344202926]], [[0.4594204003832678, 0.4620904345436035, 0.6513131603518526, 0.0308807151489427, 0.0, 0.5204748066148162, 0.060849073463636, 0.3975769988634619, 0.7559478578046677], [0.4480087129264999, 0.5230774671933243, 0.583336482594707, 0.4220841206788641, 0.5, 0.2182923414315217, 0.0848899852789283, 0.4602074153149389, 0.6404942427828524]], [[0.3126332065606429, 0.6764027189326507, 0.2643287273330163, 0.9378327282779428, 1.0, 0.3641380527990527, 0.1921991531989794, 0.3183821794677215, 0.6504554624179175], [0.3430133793540735, 0.7353228879636984, 0.5340785326790181, 0.7886830541906583, 1.0, 0.7120679791124718, 0.1512857847914999, 0.5043254657067507, 0.4018876111012104]], [[0.221826101585767, 0.4180160384077279, 0.0105959516123799, 0.7185631943397217, 1.0, 0.1253592824074517, 0.2782501748689815, 0.3202253319103997, 0.928842557901714], [0.3346632604265603, 0.5021254972959174, 0.8874497330031512, 0.993012424444634, 0.5, 0.5329971853272858, 0.49102802894222, 0.6236945816875551, 0.9626291435697304]]]
	Valor Objetivo:8.87137994473226
	Tiempo: 0.008577346801757812
	Política: 3.0599124084268876 ; Género: 4.01 ; Colaborativo: 1.8014675363053718

 - N: 10 M: 2 L: 5 Dataset: 2 exponente: 3 minmax: False
	Solución:[[[0.3197386524877265, 0.4826058741516149, 0.5274997699683445, 0.0055676400944407, 0.0, 0.2884997937797012, 0.5960921649216397, 0.3565401575035986, 0.943265937909289], [0.4168528320432463, 0.6368123890007461, 0.707730713366816, 0.6237058693704773, 1.0, 0.2471791616289119, 0.3522425114153544, 0.3815365229490317, 0.728243486871323]], [[0.3738615919288782, 0.2701949262843045, 0.0077309172689005, 0.0877526352720493, 0.0, 0.3868471118090456, 0.1578329307525168, 0.4260253642829066, 0.6831522182287564], [0.3302185355650322, 0.5392934301753429, 0.0832693144741449, 0.0029125060250751, 1.0, 0.172049815532207, 0.2827029927861827, 0.5062779594474494, 0.3106596344202926]], [[0.4594204003832678, 0.4620904345436035, 0.6513131603518526, 0.0308807151489427, 0.0, 0.5204748066148162, 0.060849073463636, 0.3975769988634619, 0.7559478578046677], [0.4480087129264999, 0.5230774671933243, 0.583336482594707, 0.4220841206788641, 0.5, 0.2182923414315217, 0.0848899852789283, 0.4602074153149389, 0.6404942427828524]], [[0.3126332065606429, 0.6764027189326507, 0.2643287273330163, 0.9378327282779428, 1.0, 0.3641380527990527, 0.1921991531989794, 0.3183821794677215, 0.6504554624179175], [0.3430133793540735, 0.7353228879636984, 0.5340785326790181, 0.7886830541906583, 1.0, 0.7120679791124718, 0.1512857847914999, 0.5043254657067507, 0.4018876111012104]], [[0.221826101585767, 0.4180160384077279, 0.0105959516123799, 0.7185631943397217, 1.0, 0.1253592824074517, 0.2782501748689815, 0.3202253319103997, 0.928842557901714], [0.3346632604265603, 0.5021254972959174, 0.8874497330031512, 0.993012424444634, 0.5, 0.5329971853272858, 0.49102802894222, 0.6236945816875551, 0.9626291435697304]]]
	Valor Objetivo:8.87137994473226
	Tiempo: 0.009061098098754883
	Política: 3.0599124084268876 ; Género: 4.01 ; Colaborativo: 1.8014675363053718

 - N: 10 M: 2 L: 5 Dataset: 2 exponente: 4 minmax: False
	Solución:[[[0.3197386524877265, 0.4826058741516149, 0.5274997699683445, 0.0055676400944407, 0.0, 0.2884997937797012, 0.5960921649216397, 0.3565401575035986, 0.943265937909289], [0.4168528320432463, 0.6368123890007461, 0.707730713366816, 0.6237058693704773, 1.0, 0.2471791616289119, 0.3522425114153544, 0.3815365229490317, 0.728243486871323]], [[0.3738615919288782, 0.2701949262843045, 0.0077309172689005, 0.0877526352720493, 0.0, 0.3868471118090456, 0.1578329307525168, 0.4260253642829066, 0.6831522182287564], [0.3302185355650322, 0.5392934301753429, 0.0832693144741449, 0.0029125060250751, 1.0, 0.172049815532207, 0.2827029927861827, 0.5062779594474494, 0.3106596344202926]], [[0.4594204003832678, 0.4620904345436035, 0.6513131603518526, 0.0308807151489427, 0.0, 0.5204748066148162, 0.060849073463636, 0.3975769988634619, 0.7559478578046677], [0.4480087129264999, 0.5230774671933243, 0.583336482594707, 0.4220841206788641, 0.5, 0.2182923414315217, 0.0848899852789283, 0.4602074153149389, 0.6404942427828524]], [[0.3126332065606429, 0.6764027189326507, 0.2643287273330163, 0.9378327282779428, 1.0, 0.3641380527990527, 0.1921991531989794, 0.3183821794677215, 0.6504554624179175], [0.3430133793540735, 0.7353228879636984, 0.5340785326790181, 0.7886830541906583, 1.0, 0.7120679791124718, 0.1512857847914999, 0.5043254657067507, 0.4018876111012104]], [[0.221826101585767, 0.4180160384077279, 0.0105959516123799, 0.7185631943397217, 1.0, 0.1253592824074517, 0.2782501748689815, 0.3202253319103997, 0.928842557901714], [0.3346632604265603, 0.5021254972959174, 0.8874497330031512, 0.993012424444634, 0.5, 0.5329971853272858, 0.49102802894222, 0.6236945816875551, 0.9626291435697304]]]
	Valor Objetivo:8.87137994473226
	Tiempo: 0.008632659912109375
	Política: 3.0599124084268876 ; Género: 4.01 ; Colaborativo: 1.8014675363053718

 - N: 12 M: 4 L: 3 Dataset: 2 exponente: 1 minmax: False
	Solución:[[[0.3197386524877265, 0.4826058741516149, 0.5274997699683445, 0.0055676400944407, 0.0, 0.2884997937797012, 0.5960921649216397, 0.3565401575035986, 0.943265937909289], [0.3126332065606429, 0.6764027189326507, 0.2643287273330163, 0.9378327282779428, 1.0, 0.3641380527990527, 0.1921991531989794, 0.3183821794677215, 0.6504554624179175], [0.221826101585767, 0.4180160384077279, 0.0105959516123799, 0.7185631943397217, 1.0, 0.1253592824074517, 0.2782501748689815, 0.3202253319103997, 0.928842557901714], [0.4168528320432463, 0.6368123890007461, 0.707730713366816, 0.6237058693704773, 1.0, 0.2471791616289119, 0.3522425114153544, 0.3815365229490317, 0.728243486871323]], [[0.3738615919288782, 0.2701949262843045, 0.0077309172689005, 0.0877526352720493, 0.0, 0.3868471118090456, 0.1578329307525168, 0.4260253642829066, 0.6831522182287564], [0.3302185355650322, 0.5392934301753429, 0.0832693144741449, 0.0029125060250751, 1.0, 0.172049815532207, 0.2827029927861827, 0.5062779594474494, 0.3106596344202926], [0.4480087129264999, 0.5230774671933243, 0.583336482594707, 0.4220841206788641, 0.5, 0.2182923414315217, 0.0848899852789283, 0.4602074153149389, 0.6404942427828524], [0.3430133793540735, 0.7353228879636984, 0.5340785326790181, 0.7886830541906583, 1.0, 0.7120679791124718, 0.1512857847914999, 0.5043254657067507, 0.4018876111012104]], [[0.4594204003832678, 0.4620904345436035, 0.6513131603518526, 0.0308807151489427, 0.0, 0.5204748066148162, 0.060849073463636, 0.3975769988634619, 0.7559478578046677], [0.3346632604265603, 0.5021254972959174, 0.8874497330031512, 0.993012424444634, 0.5, 0.5329971853272858, 0.49102802894222, 0.6236945816875551, 0.9626291435697304], [0.4526702234343454, 0.671560174912409, 0.7539085119780488, 0.9853880100213012, 0.0, 0.1699473751604489, 0.3368091207248426, 0.3741598969851996, 0.5924892486158477], [0.5465757417465544, 0.6807305393475976, 0.6088019438922173, 0.0817228602203278, 1.0, 0.3195557791431167, 0.1379227826327317, 0.5036836620308477, 0.8764491845230603]]]
	Valor Objetivo:3.922679561701607
	Tiempo: 0.007312774658203125
	Política: 1.0122095969377038 ; Género: 1.4900000000000002 ; Colaborativo: 1.4204699647639027

 - N: 12 M: 4 L: 3 Dataset: 2 exponente: 2 minmax: False
	Solución:[[[0.3197386524877265, 0.4826058741516149, 0.5274997699683445, 0.0055676400944407, 0.0, 0.2884997937797012, 0.5960921649216397, 0.3565401575035986, 0.943265937909289], [0.3126332065606429, 0.6764027189326507, 0.2643287273330163, 0.9378327282779428, 1.0, 0.3641380527990527, 0.1921991531989794, 0.3183821794677215, 0.6504554624179175], [0.221826101585767, 0.4180160384077279, 0.0105959516123799, 0.7185631943397217, 1.0, 0.1253592824074517, 0.2782501748689815, 0.3202253319103997, 0.928842557901714], [0.4168528320432463, 0.6368123890007461, 0.707730713366816, 0.6237058693704773, 1.0, 0.2471791616289119, 0.3522425114153544, 0.3815365229490317, 0.728243486871323]], [[0.3738615919288782, 0.2701949262843045, 0.0077309172689005, 0.0877526352720493, 0.0, 0.3868471118090456, 0.1578329307525168, 0.4260253642829066, 0.6831522182287564], [0.3302185355650322, 0.5392934301753429, 0.0832693144741449, 0.0029125060250751, 1.0, 0.172049815532207, 0.2827029927861827, 0.5062779594474494, 0.3106596344202926], [0.4480087129264999, 0.5230774671933243, 0.583336482594707, 0.4220841206788641, 0.5, 0.2182923414315217, 0.0848899852789283, 0.4602074153149389, 0.6404942427828524], [0.3430133793540735, 0.7353228879636984, 0.5340785326790181, 0.7886830541906583, 1.0, 0.7120679791124718, 0.1512857847914999, 0.5043254657067507, 0.4018876111012104]], [[0.4594204003832678, 0.4620904345436035, 0.6513131603518526, 0.0308807151489427, 0.0, 0.5204748066148162, 0.060849073463636, 0.3975769988634619, 0.7559478578046677], [0.3346632604265603, 0.5021254972959174, 0.8874497330031512, 0.993012424444634, 0.5, 0.5329971853272858, 0.49102802894222, 0.6236945816875551, 0.9626291435697304], [0.4526702234343454, 0.671560174912409, 0.7539085119780488, 0.9853880100213012, 0.0, 0.1699473751604489, 0.3368091207248426, 0.3741598969851996, 0.5924892486158477], [0.5465757417465544, 0.6807305393475976, 0.6088019438922173, 0.0817228602203278, 1.0, 0.3195557791431167, 0.1379227826327317, 0.5036836620308477, 0.8764491845230603]]]
	Valor Objetivo:3.922679561701607
	Tiempo: 0.007229804992675781
	Política: 1.0122095969377038 ; Género: 1.4900000000000002 ; Colaborativo: 1.4204699647639027

 - N: 12 M: 4 L: 3 Dataset: 2 exponente: 3 minmax: False
	Solución:[[[0.3197386524877265, 0.4826058741516149, 0.5274997699683445, 0.0055676400944407, 0.0, 0.2884997937797012, 0.5960921649216397, 0.3565401575035986, 0.943265937909289], [0.3126332065606429, 0.6764027189326507, 0.2643287273330163, 0.9378327282779428, 1.0, 0.3641380527990527, 0.1921991531989794, 0.3183821794677215, 0.6504554624179175], [0.221826101585767, 0.4180160384077279, 0.0105959516123799, 0.7185631943397217, 1.0, 0.1253592824074517, 0.2782501748689815, 0.3202253319103997, 0.928842557901714], [0.4168528320432463, 0.6368123890007461, 0.707730713366816, 0.6237058693704773, 1.0, 0.2471791616289119, 0.3522425114153544, 0.3815365229490317, 0.728243486871323]], [[0.3738615919288782, 0.2701949262843045, 0.0077309172689005, 0.0877526352720493, 0.0, 0.3868471118090456, 0.1578329307525168, 0.4260253642829066, 0.6831522182287564], [0.3302185355650322, 0.5392934301753429, 0.0832693144741449, 0.0029125060250751, 1.0, 0.172049815532207, 0.2827029927861827, 0.5062779594474494, 0.3106596344202926], [0.4480087129264999, 0.5230774671933243, 0.583336482594707, 0.4220841206788641, 0.5, 0.2182923414315217, 0.0848899852789283, 0.4602074153149389, 0.6404942427828524], [0.3430133793540735, 0.7353228879636984, 0.5340785326790181, 0.7886830541906583, 1.0, 0.7120679791124718, 0.1512857847914999, 0.5043254657067507, 0.4018876111012104]], [[0.4594204003832678, 0.4620904345436035, 0.6513131603518526, 0.0308807151489427, 0.0, 0.5204748066148162, 0.060849073463636, 0.3975769988634619, 0.7559478578046677], [0.3346632604265603, 0.5021254972959174, 0.8874497330031512, 0.993012424444634, 0.5, 0.5329971853272858, 0.49102802894222, 0.6236945816875551, 0.9626291435697304], [0.4526702234343454, 0.671560174912409, 0.7539085119780488, 0.9853880100213012, 0.0, 0.1699473751604489, 0.3368091207248426, 0.3741598969851996, 0.5924892486158477], [0.5465757417465544, 0.6807305393475976, 0.6088019438922173, 0.0817228602203278, 1.0, 0.3195557791431167, 0.1379227826327317, 0.5036836620308477, 0.8764491845230603]]]
	Valor Objetivo:3.922679561701607
	Tiempo: 0.0077304840087890625
	Política: 1.0122095969377038 ; Género: 1.4900000000000002 ; Colaborativo: 1.4204699647639027

 - N: 12 M: 4 L: 3 Dataset: 2 exponente: 3 minmax: False
	Solución:[[[0.3197386524877265, 0.4826058741516149, 0.5274997699683445, 0.0055676400944407, 0.0, 0.2884997937797012, 0.5960921649216397, 0.3565401575035986, 0.943265937909289], [0.3126332065606429, 0.6764027189326507, 0.2643287273330163, 0.9378327282779428, 1.0, 0.3641380527990527, 0.1921991531989794, 0.3183821794677215, 0.6504554624179175], [0.221826101585767, 0.4180160384077279, 0.0105959516123799, 0.7185631943397217, 1.0, 0.1253592824074517, 0.2782501748689815, 0.3202253319103997, 0.928842557901714], [0.4168528320432463, 0.6368123890007461, 0.707730713366816, 0.6237058693704773, 1.0, 0.2471791616289119, 0.3522425114153544, 0.3815365229490317, 0.728243486871323]], [[0.3738615919288782, 0.2701949262843045, 0.0077309172689005, 0.0877526352720493, 0.0, 0.3868471118090456, 0.1578329307525168, 0.4260253642829066, 0.6831522182287564], [0.3302185355650322, 0.5392934301753429, 0.0832693144741449, 0.0029125060250751, 1.0, 0.172049815532207, 0.2827029927861827, 0.5062779594474494, 0.3106596344202926], [0.4480087129264999, 0.5230774671933243, 0.583336482594707, 0.4220841206788641, 0.5, 0.2182923414315217, 0.0848899852789283, 0.4602074153149389, 0.6404942427828524], [0.3430133793540735, 0.7353228879636984, 0.5340785326790181, 0.7886830541906583, 1.0, 0.7120679791124718, 0.1512857847914999, 0.5043254657067507, 0.4018876111012104]], [[0.4594204003832678, 0.4620904345436035, 0.6513131603518526, 0.0308807151489427, 0.0, 0.5204748066148162, 0.060849073463636, 0.3975769988634619, 0.7559478578046677], [0.3346632604265603, 0.5021254972959174, 0.8874497330031512, 0.993012424444634, 0.5, 0.5329971853272858, 0.49102802894222, 0.6236945816875551, 0.9626291435697304], [0.4526702234343454, 0.671560174912409, 0.7539085119780488, 0.9853880100213012, 0.0, 0.1699473751604489, 0.3368091207248426, 0.3741598969851996, 0.5924892486158477], [0.5465757417465544, 0.6807305393475976, 0.6088019438922173, 0.0817228602203278, 1.0, 0.3195557791431167, 0.1379227826327317, 0.5036836620308477, 0.8764491845230603]]]
	Valor Objetivo:3.922679561701607
	Tiempo: 0.007311105728149414
	Política: 1.0122095969377038 ; Género: 1.4900000000000002 ; Colaborativo: 1.4204699647639027

 - N: 12 M: 4 L: 3 Dataset: 2 exponente: 4 minmax: False
	Solución:[[[0.3197386524877265, 0.4826058741516149, 0.5274997699683445, 0.0055676400944407, 0.0, 0.2884997937797012, 0.5960921649216397, 0.3565401575035986, 0.943265937909289], [0.3126332065606429, 0.6764027189326507, 0.2643287273330163, 0.9378327282779428, 1.0, 0.3641380527990527, 0.1921991531989794, 0.3183821794677215, 0.6504554624179175], [0.221826101585767, 0.4180160384077279, 0.0105959516123799, 0.7185631943397217, 1.0, 0.1253592824074517, 0.2782501748689815, 0.3202253319103997, 0.928842557901714], [0.4168528320432463, 0.6368123890007461, 0.707730713366816, 0.6237058693704773, 1.0, 0.2471791616289119, 0.3522425114153544, 0.3815365229490317, 0.728243486871323]], [[0.3738615919288782, 0.2701949262843045, 0.0077309172689005, 0.0877526352720493, 0.0, 0.3868471118090456, 0.1578329307525168, 0.4260253642829066, 0.6831522182287564], [0.3302185355650322, 0.5392934301753429, 0.0832693144741449, 0.0029125060250751, 1.0, 0.172049815532207, 0.2827029927861827, 0.5062779594474494, 0.3106596344202926], [0.4480087129264999, 0.5230774671933243, 0.583336482594707, 0.4220841206788641, 0.5, 0.2182923414315217, 0.0848899852789283, 0.4602074153149389, 0.6404942427828524], [0.3430133793540735, 0.7353228879636984, 0.5340785326790181, 0.7886830541906583, 1.0, 0.7120679791124718, 0.1512857847914999, 0.5043254657067507, 0.4018876111012104]], [[0.4594204003832678, 0.4620904345436035, 0.6513131603518526, 0.0308807151489427, 0.0, 0.5204748066148162, 0.060849073463636, 0.3975769988634619, 0.7559478578046677], [0.3346632604265603, 0.5021254972959174, 0.8874497330031512, 0.993012424444634, 0.5, 0.5329971853272858, 0.49102802894222, 0.6236945816875551, 0.9626291435697304], [0.4526702234343454, 0.671560174912409, 0.7539085119780488, 0.9853880100213012, 0.0, 0.1699473751604489, 0.3368091207248426, 0.3741598969851996, 0.5924892486158477], [0.5465757417465544, 0.6807305393475976, 0.6088019438922173, 0.0817228602203278, 1.0, 0.3195557791431167, 0.1379227826327317, 0.5036836620308477, 0.8764491845230603]]]
	Valor Objetivo:3.922679561701607
	Tiempo: 0.007092475891113281
	Política: 1.0122095969377038 ; Género: 1.4900000000000002 ; Colaborativo: 1.4204699647639027

 - N: 12 M: 3 L: 4 Dataset: 2 exponente: 1 minmax: False
	Solución:[[[0.3197386524877265, 0.4826058741516149, 0.5274997699683445, 0.0055676400944407, 0.0, 0.2884997937797012, 0.5960921649216397, 0.3565401575035986, 0.943265937909289], [0.221826101585767, 0.4180160384077279, 0.0105959516123799, 0.7185631943397217, 1.0, 0.1253592824074517, 0.2782501748689815, 0.3202253319103997, 0.928842557901714], [0.4168528320432463, 0.6368123890007461, 0.707730713366816, 0.6237058693704773, 1.0, 0.2471791616289119, 0.3522425114153544, 0.3815365229490317, 0.728243486871323]], [[0.3738615919288782, 0.2701949262843045, 0.0077309172689005, 0.0877526352720493, 0.0, 0.3868471118090456, 0.1578329307525168, 0.4260253642829066, 0.6831522182287564], [0.3302185355650322, 0.5392934301753429, 0.0832693144741449, 0.0029125060250751, 1.0, 0.172049815532207, 0.2827029927861827, 0.5062779594474494, 0.3106596344202926], [0.4480087129264999, 0.5230774671933243, 0.583336482594707, 0.4220841206788641, 0.5, 0.2182923414315217, 0.0848899852789283, 0.4602074153149389, 0.6404942427828524]], [[0.4594204003832678, 0.4620904345436035, 0.6513131603518526, 0.0308807151489427, 0.0, 0.5204748066148162, 0.060849073463636, 0.3975769988634619, 0.7559478578046677], [0.3430133793540735, 0.7353228879636984, 0.5340785326790181, 0.7886830541906583, 1.0, 0.7120679791124718, 0.1512857847914999, 0.5043254657067507, 0.4018876111012104], [0.3346632604265603, 0.5021254972959174, 0.8874497330031512, 0.993012424444634, 0.5, 0.5329971853272858, 0.49102802894222, 0.6236945816875551, 0.9626291435697304]], [[0.3126332065606429, 0.6764027189326507, 0.2643287273330163, 0.9378327282779428, 1.0, 0.3641380527990527, 0.1921991531989794, 0.3183821794677215, 0.6504554624179175], [0.4526702234343454, 0.671560174912409, 0.7539085119780488, 0.9853880100213012, 0.0, 0.1699473751604489, 0.3368091207248426, 0.3741598969851996, 0.5924892486158477], [0.5465757417465544, 0.6807305393475976, 0.6088019438922173, 0.0817228602203278, 1.0, 0.3195557791431167, 0.1379227826327317, 0.5036836620308477, 0.8764491845230603]]]
	Valor Objetivo:4.679853106632061
	Tiempo: 0.008800745010375977
	Política: 1.6544456000464391 ; Género: 1.3599999999999997 ; Colaborativo: 1.665407506585622

 - N: 12 M: 4 L: 3 Dataset: 2 exponente: 4 minmax: False
	Solución:[[[0.3197386524877265, 0.4826058741516149, 0.5274997699683445, 0.0055676400944407, 0.0, 0.2884997937797012, 0.5960921649216397, 0.3565401575035986, 0.943265937909289], [0.3126332065606429, 0.6764027189326507, 0.2643287273330163, 0.9378327282779428, 1.0, 0.3641380527990527, 0.1921991531989794, 0.3183821794677215, 0.6504554624179175], [0.221826101585767, 0.4180160384077279, 0.0105959516123799, 0.7185631943397217, 1.0, 0.1253592824074517, 0.2782501748689815, 0.3202253319103997, 0.928842557901714], [0.4168528320432463, 0.6368123890007461, 0.707730713366816, 0.6237058693704773, 1.0, 0.2471791616289119, 0.3522425114153544, 0.3815365229490317, 0.728243486871323]], [[0.3738615919288782, 0.2701949262843045, 0.0077309172689005, 0.0877526352720493, 0.0, 0.3868471118090456, 0.1578329307525168, 0.4260253642829066, 0.6831522182287564], [0.3302185355650322, 0.5392934301753429, 0.0832693144741449, 0.0029125060250751, 1.0, 0.172049815532207, 0.2827029927861827, 0.5062779594474494, 0.3106596344202926], [0.4480087129264999, 0.5230774671933243, 0.583336482594707, 0.4220841206788641, 0.5, 0.2182923414315217, 0.0848899852789283, 0.4602074153149389, 0.6404942427828524], [0.3430133793540735, 0.7353228879636984, 0.5340785326790181, 0.7886830541906583, 1.0, 0.7120679791124718, 0.1512857847914999, 0.5043254657067507, 0.4018876111012104]], [[0.4594204003832678, 0.4620904345436035, 0.6513131603518526, 0.0308807151489427, 0.0, 0.5204748066148162, 0.060849073463636, 0.3975769988634619, 0.7559478578046677], [0.3346632604265603, 0.5021254972959174, 0.8874497330031512, 0.993012424444634, 0.5, 0.5329971853272858, 0.49102802894222, 0.6236945816875551, 0.9626291435697304], [0.4526702234343454, 0.671560174912409, 0.7539085119780488, 0.9853880100213012, 0.0, 0.1699473751604489, 0.3368091207248426, 0.3741598969851996, 0.5924892486158477], [0.5465757417465544, 0.6807305393475976, 0.6088019438922173, 0.0817228602203278, 1.0, 0.3195557791431167, 0.1379227826327317, 0.5036836620308477, 0.8764491845230603]]]
	Valor Objetivo:3.922679561701607
	Tiempo: 0.006950855255126953
	Política: 1.0122095969377038 ; Género: 1.4900000000000002 ; Colaborativo: 1.4204699647639027

 - N: 12 M: 3 L: 4 Dataset: 2 exponente: 3 minmax: False
	Solución:[[[0.3197386524877265, 0.4826058741516149, 0.5274997699683445, 0.0055676400944407, 0.0, 0.2884997937797012, 0.5960921649216397, 0.3565401575035986, 0.943265937909289], [0.221826101585767, 0.4180160384077279, 0.0105959516123799, 0.7185631943397217, 1.0, 0.1253592824074517, 0.2782501748689815, 0.3202253319103997, 0.928842557901714], [0.4168528320432463, 0.6368123890007461, 0.707730713366816, 0.6237058693704773, 1.0, 0.2471791616289119, 0.3522425114153544, 0.3815365229490317, 0.728243486871323]], [[0.3738615919288782, 0.2701949262843045, 0.0077309172689005, 0.0877526352720493, 0.0, 0.3868471118090456, 0.1578329307525168, 0.4260253642829066, 0.6831522182287564], [0.3302185355650322, 0.5392934301753429, 0.0832693144741449, 0.0029125060250751, 1.0, 0.172049815532207, 0.2827029927861827, 0.5062779594474494, 0.3106596344202926], [0.4480087129264999, 0.5230774671933243, 0.583336482594707, 0.4220841206788641, 0.5, 0.2182923414315217, 0.0848899852789283, 0.4602074153149389, 0.6404942427828524]], [[0.4594204003832678, 0.4620904345436035, 0.6513131603518526, 0.0308807151489427, 0.0, 0.5204748066148162, 0.060849073463636, 0.3975769988634619, 0.7559478578046677], [0.3430133793540735, 0.7353228879636984, 0.5340785326790181, 0.7886830541906583, 1.0, 0.7120679791124718, 0.1512857847914999, 0.5043254657067507, 0.4018876111012104], [0.3346632604265603, 0.5021254972959174, 0.8874497330031512, 0.993012424444634, 0.5, 0.5329971853272858, 0.49102802894222, 0.6236945816875551, 0.9626291435697304]], [[0.3126332065606429, 0.6764027189326507, 0.2643287273330163, 0.9378327282779428, 1.0, 0.3641380527990527, 0.1921991531989794, 0.3183821794677215, 0.6504554624179175], [0.4526702234343454, 0.671560174912409, 0.7539085119780488, 0.9853880100213012, 0.0, 0.1699473751604489, 0.3368091207248426, 0.3741598969851996, 0.5924892486158477], [0.5465757417465544, 0.6807305393475976, 0.6088019438922173, 0.0817228602203278, 1.0, 0.3195557791431167, 0.1379227826327317, 0.5036836620308477, 0.8764491845230603]]]
	Valor Objetivo:4.679853106632061
	Tiempo: 0.008751153945922852
	Política: 1.6544456000464391 ; Género: 1.3599999999999997 ; Colaborativo: 1.665407506585622

 - N: 12 M: 3 L: 4 Dataset: 2 exponente: 4 minmax: False
	Solución:[[[0.3197386524877265, 0.4826058741516149, 0.5274997699683445, 0.0055676400944407, 0.0, 0.2884997937797012, 0.5960921649216397, 0.3565401575035986, 0.943265937909289], [0.221826101585767, 0.4180160384077279, 0.0105959516123799, 0.7185631943397217, 1.0, 0.1253592824074517, 0.2782501748689815, 0.3202253319103997, 0.928842557901714], [0.4168528320432463, 0.6368123890007461, 0.707730713366816, 0.6237058693704773, 1.0, 0.2471791616289119, 0.3522425114153544, 0.3815365229490317, 0.728243486871323]], [[0.3738615919288782, 0.2701949262843045, 0.0077309172689005, 0.0877526352720493, 0.0, 0.3868471118090456, 0.1578329307525168, 0.4260253642829066, 0.6831522182287564], [0.3302185355650322, 0.5392934301753429, 0.0832693144741449, 0.0029125060250751, 1.0, 0.172049815532207, 0.2827029927861827, 0.5062779594474494, 0.3106596344202926], [0.4480087129264999, 0.5230774671933243, 0.583336482594707, 0.4220841206788641, 0.5, 0.2182923414315217, 0.0848899852789283, 0.4602074153149389, 0.6404942427828524]], [[0.4594204003832678, 0.4620904345436035, 0.6513131603518526, 0.0308807151489427, 0.0, 0.5204748066148162, 0.060849073463636, 0.3975769988634619, 0.7559478578046677], [0.3430133793540735, 0.7353228879636984, 0.5340785326790181, 0.7886830541906583, 1.0, 0.7120679791124718, 0.1512857847914999, 0.5043254657067507, 0.4018876111012104], [0.3346632604265603, 0.5021254972959174, 0.8874497330031512, 0.993012424444634, 0.5, 0.5329971853272858, 0.49102802894222, 0.6236945816875551, 0.9626291435697304]], [[0.3126332065606429, 0.6764027189326507, 0.2643287273330163, 0.9378327282779428, 1.0, 0.3641380527990527, 0.1921991531989794, 0.3183821794677215, 0.6504554624179175], [0.4526702234343454, 0.671560174912409, 0.7539085119780488, 0.9853880100213012, 0.0, 0.1699473751604489, 0.3368091207248426, 0.3741598969851996, 0.5924892486158477], [0.5465757417465544, 0.6807305393475976, 0.6088019438922173, 0.0817228602203278, 1.0, 0.3195557791431167, 0.1379227826327317, 0.5036836620308477, 0.8764491845230603]]]
	Valor Objetivo:4.679853106632061
	Tiempo: 0.008708477020263672
	Política: 1.6544456000464391 ; Género: 1.3599999999999997 ; Colaborativo: 1.665407506585622

 - N: 60 M: 5 L: 12 Dataset: 2 exponente: 1 minmax: False
